JPT38CA3sGI 5.98775510204 13.5827664399 -1.1423739194869995 1.0
236021 66.171 71.042 2.0492310523986816 -0.3333333432674408
236021 31.709 54.819 -1.3963295221328735 0.6666666865348816
258654 44.74 59.778 -0.019837962463498116 -2.3333332538604736
dBWvtPeHpWM 39.033 41.699 -0.7180483341217041 2.3333332538604736
Vuay0mVKkik 13.551 22.193 0.8611137270927429 -2.0
80566 51.415 62.212 0.15720923244953156 2.3333332538604736
102858 43.0136054422 50.2793650794 -0.39991316199302673 2.6666667461395264
TWszOxkOV0w 26.84 43.674 0.03947122022509575 -2.3333332538604736
102858 117.224943311 120.000907029 0.708454966545105 3.0
121128 41.108 44.313 -0.332388699054718 2.0
252998 64.984 75.013 -1.3789907693862915 1.3333333730697632
130456 6.147 9.412 -0.1311987191438675 2.3333332538604736
125676 81.925 88.682 1.360372543334961 -1.6666666269302368
70280 70.172 76.659 0.042157795280218124 -2.0
290546 62.16 68.737 -1.1593258380889893 1.6666666269302368
f_ZJ7L14oYQ 111.628 118.115 -0.5193995833396912 2.0
bpvYdXVlgvc 42.704 51.646 0.0138828344643116 -2.0
UlTJmndbGHM 39.9405895692 44.5424036281 1.3690476417541504 -1.3333333730697632
188343 8.113 21.365 -1.4247422218322754 0.6666666865348816
ET1cU5_A2YM 11.116 19.16 -0.1813318133354187 -2.3333332538604736
243646 58.4984126984 115.042176871 -0.501604437828064 -2.6666667461395264
EmmuWoCUgXs 95.225 105.205 1.1696034669876099 -1.0
6hFiTU77Sm0 0.0 5.471 1.1568869352340698 -1.3333333730697632
252998 62.429 65.395 0.5513464212417603 -2.0
130456 33.705 40.931 -1.5512107610702515 0.6666666865348816
130456 42.285 53.562 -0.42468294501304626 1.6666666269302368
101787 59.845 64.527 0.4611235558986664 -1.6666666269302368
128059 9.28 16.077 1.5987746715545654 -1.6666666269302368
Z7L3V5bwzI0 7.604 13.154 0.31273460388183594 2.3333332538604736
266791 152.365 159.541 0.20746585726737976 -2.6666667461395264
84140 0.0 8.355 -0.9333438277244568 1.3333333730697632
223431 52.273 56.216 0.22753635048866272 -2.0
80855 56.463 61.314 -1.1122181415557861 2.0
icbUzboLcDQ -0.487528344671 9.27256235828 1.6854609251022339 -0.6666666865348816
2S00zYaVrtc 88.311 95.317 -0.5185424089431763 -2.6666667461395264
270254 123.461 128.332 1.5812665224075317 -0.6666666865348816
f_ZJ7L14oYQ 74.921 81.618 -1.7329390048980713 2.0
_gzYkdjNvPc 46.965 53.073 -1.124321699142456 1.3333333730697632
50103 6.746 23.81 0.1394246369600296 -2.6666667461395264
bpvYdXVlgvc 30.751 35.303 0.7941742539405823 -1.3333333730697632
270254 11.924 20.158 1.3235979080200195 -1.6666666269302368
102858 119.090702948 121.028571429 0.6176354289054871 3.0
102858 107.427210884 113.365986395 -0.5589672923088074 2.0
